0.000000 0.047619
0.500000 0.092971
1.000000 0.136162
1.500000 0.177298
2.000000 0.216474
2.500000 0.253785
3.000000 0.289319
3.500000 0.323161
4.000000 0.355391
4.500000 0.386087
5.000000 0.415321
5.500000 0.443163
6.000000 0.469679
6.500000 0.494932
7.000000 0.518983
7.500000 0.541888
8.000000 0.563703
8.500000 0.584479
9.000000 0.604266
9.500000 0.623111
10.000000 0.641058
10.500000 0.658150
11.000000 0.674429
11.500000 0.689932
12.000000 0.704697
12.500000 0.718759
13.000000 0.684533
13.500000 0.651936
14.000000 0.620891
14.500000 0.591325
15.000000 0.563167
15.500000 0.536349
16.000000 0.510809
16.500000 0.486485
17.000000 0.463319
17.500000 0.441256
18.000000 0.420244
18.500000 0.400232
19.000000 0.381173
19.500000 0.363022
20.000000 0.345735
20.500000 0.329272
21.000000 0.313592
21.500000 0.298659
22.000000 0.284437
22.500000 0.270893
23.000000 0.257993
23.500000 0.245708
24.000000 0.234007
24.500000 0.222864
25.000000 0.212252
25.500000 0.202144
26.000000 0.240138
26.500000 0.276321
27.000000 0.310782
27.500000 0.343602
28.000000 0.374859
28.500000 0.404628
29.000000 0.432979
29.500000 0.459980
30.000000 0.485695
30.500000 0.510186
31.000000 0.533510
31.500000 0.555724
32.000000 0.576880
32.500000 0.597029
33.000000 0.616218
33.500000 0.634493
34.000000 0.651898
34.500000 0.668475
35.000000 0.684261
35.500000 0.699297
36.000000 0.713616
36.500000 0.727253
37.000000 0.740241
37.500000 0.752611
38.000000 0.764391
38.500000 0.775611
39.000000 0.738677
39.500000 0.703502
40.000000 0.670002
40.500000 0.638097
41.000000 0.607711
41.500000 0.578772
42.000000 0.551212
42.500000 0.524964
43.000000 0.499965
43.500000 0.476158
44.000000 0.453483
44.500000 0.431889
45.000000 0.411323
45.500000 0.391736
46.000000 0.373082
46.500000 0.355316
47.000000 0.338396
47.500000 0.322282
48.000000 0.306935
48.500000 0.292319
49.000000 0.278399
49.500000 0.265142
50.000000 0.252517
50.500000 0.240492
51.000000 0.229040
51.500000 0.218133
52.000000 0.255365
52.500000 0.290824
53.000000 0.324594
53.500000 0.356756
54.000000 0.387387
54.500000 0.416559
55.000000 0.444342
55.500000 0.470802
56.000000 0.496002
56.500000 0.520002
57.000000 0.542859
57.500000 0.564627
58.000000 0.585359
58.500000 0.605104
59.000000 0.623909
59.500000 0.641818
60.000000 0.658874
60.500000 0.675118
61.000000 0.690589
61.500000 0.705323
62.000000 0.719355
62.500000 0.732719
63.000000 0.745447
63.500000 0.757568
64.000000 0.769113
64.500000 0.780107
65.000000 0.742959
65.500000 0.707580
66.000000 0.673886
66.500000 0.641796
67.000000 0.611234
67.500000 0.582128
68.000000 0.554408
68.500000 0.528007
69.000000 0.502864
69.500000 0.478918
70.000000 0.456113
70.500000 0.434393
71.000000 0.413708
71.500000 0.394007
72.000000 0.375245
72.500000 0.357376
73.000000 0.340358
73.500000 0.324151
74.000000 0.308715
74.500000 0.294014
75.000000 0.280014
75.500000 0.266680
76.000000 0.253981
76.500000 0.241886
77.000000 0.230368
77.500000 0.219398
78.000000 0.256569
78.500000 0.291971
79.000000 0.325687
79.500000 0.357797
80.000000 0.388378
80.500000 0.417503
81.000000 0.445241
81.500000 0.471658
82.000000 0.496817
82.500000 0.520778
83.000000 0.543598
83.500000 0.565332
84.000000 0.586030
84.500000 0.605743
85.000000 0.624517
85.500000 0.642397
86.000000 0.659426
86.500000 0.675644
87.000000 0.691089
87.500000 0.705799
88.000000 0.719809
88.500000 0.733151
89.000000 0.745858
89.500000 0.757960
90.000000 0.769486
90.500000 0.780463
91.000000 0.743298
91.500000 0.707903
92.000000 0.674193
92.500000 0.642089
93.000000 0.611513
93.500000 0.582393
94.000000 0.554660
94.500000 0.528248
95.000000 0.503093
95.500000 0.479137
96.000000 0.456320
96.500000 0.434591
97.000000 0.413896
97.500000 0.394187
98.000000 0.375416
98.500000 0.357539
99.000000 0.340513
99.500000 0.324298
100.000000 0.308856
100.500000 0.294148
101.000000 0.280141
101.500000 0.266801
102.000000 0.254096
102.500000 0.241997
103.000000 0.230473
103.500000 0.219498
104.000000 0.256665
104.500000 0.292062
105.000000 0.325773
105.500000 0.357879
106.000000 0.388456
106.500000 0.417577
107.000000 0.445312
107.500000 0.471725
108.000000 0.496881
108.500000 0.520839
109.000000 0.543657
109.500000 0.565387
110.000000 0.586083
110.500000 0.605793
111.000000 0.624565
111.500000 0.642443
112.000000 0.659470
112.500000 0.675685
113.000000 0.691129
113.500000 0.705837
114.000000 0.719845
114.500000 0.733185
115.000000 0.745891
115.500000 0.757991
116.000000 0.769516
116.500000 0.780491
117.000000 0.743325
117.500000 0.707928
118.000000 0.674217
118.500000 0.642112
119.000000 0.611535
119.500000 0.582414
120.000000 0.554680
120.500000 0.528267
121.000000 0.503111
121.500000 0.479154
122.000000 0.456337
122.500000 0.434607
123.000000 0.413911
123.500000 0.394201
124.000000 0.375430
124.500000 0.357552
125.500000 0.340526
126.000000 0.324310
126.500000 0.308867
127.000000 0.294159
127.500000 0.280151
128.000000 0.266811
128.500000 0.254105
129.000000 0.242005
129.500000 0.230481
130.000000 0.219506
130.500000 0.256672
131.000000 0.292069
131.500000 0.325780
132.000000 0.357886
132.500000 0.388462
133.000000 0.417583
133.500000 0.445317
134.000000 0.471731
134.500000 0.496887
135.000000 0.520844
135.500000 0.543661
136.000000 0.565392
136.500000 0.586087
137.000000 0.605797
137.500000 0.624569
138.000000 0.642447
138.500000 0.659473
139.000000 0.675689
139.500000 0.691132
140.000000 0.705840
140.500000 0.719848
141.000000 0.733188
141.500000 0.745894
142.000000 0.757994
142.500000 0.769518
143.000000 0.780493
143.500000 0.743327
144.000000 0.707930
144.500000 0.674219
145.000000 0.642114
145.500000 0.611537
146.000000 0.582416
146.500000 0.554682
147.000000 0.528269
147.500000 0.503113
148.000000 0.479155
148.500000 0.456338
149.000000 0.434608
149.500000 0.413912
150.000000 0.394202
150.500000 0.375431
151.000000 0.357553
151.500000 0.340527
152.000000 0.324311
152.500000 0.308868
153.000000 0.294160
153.500000 0.280152
154.000000 0.266812
154.500000 0.254106
155.000000 0.242006
155.500000 0.230482
156.000000 0.219506
156.500000 0.256673
157.000000 0.292069
157.500000 0.325780
158.000000 0.357886
158.500000 0.388463
159.000000 0.417584
159.500000 0.445318
160.000000 0.471731
160.500000 0.496887
161.000000 0.520845
161.500000 0.543662
162.000000 0.565392
162.500000 0.586088
163.000000 0.605798
163.500000 0.624569
164.000000 0.642447
164.500000 0.659473
165.000000 0.675689
165.500000 0.691132
166.000000 0.705840
166.500000 0.719848
167.000000 0.733188
167.500000 0.745894
168.000000 0.757994
168.500000 0.769518
169.000000 0.780493
169.500000 0.743327
170.000000 0.707931
170.500000 0.674220
171.000000 0.642114
171.500000 0.611537
172.000000 0.582416
172.500000 0.554682
173.000000 0.528269
173.500000 0.503113
174.000000 0.479155
174.500000 0.456338
175.000000 0.434608
175.500000 0.413912
176.000000 0.394202
176.500000 0.375431
177.000000 0.357553
177.500000 0.340527
178.000000 0.324311
178.500000 0.308868
179.000000 0.294160
179.500000 0.280152
180.000000 0.266812
180.500000 0.254106
181.000000 0.242006
181.500000 0.230482
182.000000 0.219507
182.500000 0.256673
183.000000 0.292069
183.500000 0.325780
184.000000 0.357886
184.500000 0.388463
185.000000 0.417584
185.500000 0.445318
186.000000 0.471731
186.500000 0.496887
187.000000 0.520845
187.500000 0.543662
188.000000 0.565392
188.500000 0.586088
189.000000 0.605798
189.500000 0.624569
190.000000 0.642447
190.500000 0.659473
191.000000 0.675689
191.500000 0.691132
192.000000 0.705840
192.500000 0.719848
193.000000 0.733188
193.500000 0.745894
194.000000 0.757994
194.500000 0.769518
195.000000 0.780493
195.500000 0.743327
196.000000 0.707931
196.500000 0.674220
197.000000 0.642114
197.500000 0.611537
198.000000 0.582416
198.500000 0.554682
199.000000 0.528269
199.500000 0.503113
200.000000 0.479155
200.500000 0.456338
201.000000 0.434608
201.500000 0.413912
202.000000 0.394202
202.500000 0.375431
203.000000 0.357553
203.500000 0.340527
204.000000 0.324311
204.500000 0.308868
205.000000 0.294160
205.500000 0.280152
206.000000 0.266812
206.500000 0.254106
207.000000 0.242006
207.500000 0.230482
208.000000 0.219507
208.500000 0.256673
209.000000 0.292069
209.500000 0.325780
210.000000 0.357886
210.500000 0.388463
211.000000 0.417584
211.500000 0.445318
212.000000 0.471731
212.500000 0.496887
213.000000 0.520845
213.500000 0.543662
214.000000 0.565392
214.500000 0.586088
215.000000 0.605798
215.500000 0.624569
216.000000 0.642447
216.500000 0.659473
217.000000 0.675689
217.500000 0.691132
218.000000 0.705840
218.500000 0.719848
219.000000 0.733188
219.500000 0.745894
220.000000 0.757994
220.500000 0.769518
221.000000 0.780493
221.500000 0.743327
222.000000 0.707931
222.500000 0.674220
223.000000 0.642114
223.500000 0.611537
224.000000 0.582416
224.500000 0.554682
225.000000 0.528269
225.500000 0.503113
226.000000 0.479155
226.500000 0.456338
227.000000 0.434608
227.500000 0.413912
228.000000 0.394202
228.500000 0.375431
229.000000 0.357553
229.500000 0.340527
230.000000 0.324311
230.500000 0.308868
231.000000 0.294160
231.500000 0.280152
232.000000 0.266812
232.500000 0.254106
233.000000 0.242006
233.500000 0.230482
234.000000 0.219507
234.500000 0.256673
235.000000 0.292069
235.500000 0.325780
236.000000 0.357886
236.500000 0.388463
237.000000 0.417584
237.500000 0.445318
238.000000 0.471731
238.500000 0.496887
239.000000 0.520845
239.500000 0.543662
240.000000 0.565392
240.500000 0.586088
241.000000 0.605798
241.500000 0.624569
242.000000 0.642447
242.500000 0.659473
243.000000 0.675689
243.500000 0.691132
244.000000 0.705840
244.500000 0.719848
245.000000 0.733188
245.500000 0.745894
246.000000 0.757994
246.500000 0.769518
247.000000 0.780493
247.500000 0.743327
248.000000 0.707931
248.500000 0.674220
249.000000 0.642114
249.500000 0.611537
250.000000 0.582416
