0.000000 0.133333
0.500000 0.248889
1.000000 0.349037
1.500000 0.435832
2.000000 0.511054
2.500000 0.576247
3.000000 0.632748
3.500000 0.681715
4.000000 0.724153
4.500000 0.760932
5.000000 0.792808
5.500000 0.820434
6.000000 0.844376
6.500000 0.865126
7.000000 0.883109
7.500000 0.898694
8.000000 0.912202
8.500000 0.923908
9.000000 0.934054
9.500000 0.942847
10.000000 0.950467
10.500000 0.957071
11.000000 0.962795
11.500000 0.967756
12.000000 0.972055
12.500000 0.975781
13.000000 0.979010
13.500000 0.981809
14.000000 0.984234
14.500000 0.986336
15.000000 0.988158
15.500000 0.989737
16.000000 0.991106
16.500000 0.992291
17.000000 0.993319
17.500000 0.994210
18.000000 0.994982
18.500000 0.995651
19.000000 0.996231
19.500000 0.996733
20.000000 0.997169
20.500000 0.997546
21.000000 0.997874
21.500000 0.998157
22.000000 0.998403
22.500000 0.998616
23.000000 0.998800
23.500000 0.998960
24.000000 0.999099
24.500000 0.999219
25.000000 0.999323
25.500000 0.866080
26.000000 0.750603
26.500000 0.650522
27.000000 0.563786
27.500000 0.488615
28.000000 0.423466
28.500000 0.367004
29.000000 0.318070
29.500000 0.275661
30.000000 0.238906
30.500000 0.207052
31.000000 0.179445
31.500000 0.155519
32.000000 0.134783
32.500000 0.116812
33.000000 0.101237
33.500000 0.087739
34.000000 0.076040
34.500000 0.065902
35.000000 0.057115
35.500000 0.049499
36.000000 0.042899
36.500000 0.037180
37.000000 0.032222
37.500000 0.027926
38.000000 0.024203
38.500000 0.020976
39.000000 0.018179
39.500000 0.015755
40.000000 0.013654
40.500000 0.011834
41.000000 0.010256
41.500000 0.008888
42.000000 0.007703
42.500000 0.006676
43.000000 0.005786
43.500000 0.005015
44.000000 0.004346
44.500000 0.003766
45.000000 0.003264
45.500000 0.002829
46.000000 0.002452
46.500000 0.002125
47.000000 0.001842
47.500000 0.001596
48.000000 0.001383
48.500000 0.001199
49.000000 0.001039
49.500000 0.000900
50.000000 0.000780
50.500000 0.000676
51.000000 0.133919
51.500000 0.249397
52.000000 0.349477
52.500000 0.436214
53.000000 0.511385
53.500000 0.576534
54.000000 0.632996
54.500000 0.681930
55.000000 0.724339
55.500000 0.761094
56.000000 0.792948
56.500000 0.820555
57.000000 0.844481
57.500000 0.865217
58.000000 0.883188
58.500000 0.898763
59.000000 0.912261
59.500000 0.923960
60.000000 0.934098
60.500000 0.942885
61.000000 0.950501
61.500000 0.957101
62.000000 0.962820
62.500000 0.967778
63.000000 0.972074
63.500000 0.975797
64.000000 0.979024
64.500000 0.981821
65.000000 0.984245
65.500000 0.986346
66.000000 0.988166
66.500000 0.989744
67.000000 0.991112
67.500000 0.992297
68.000000 0.993324
68.500000 0.994214
69.000000 0.994985
69.500000 0.995654
70.000000 0.996234
70.500000 0.996736
71.000000 0.997171
71.500000 0.997548
72.000000 0.997875
72.500000 0.998158
73.000000 0.998404
73.500000 0.998617
74.000000 0.998801
74.500000 0.998961
75.000000 0.999100
75.500000 0.999220
76.000000 0.999324
76.500000 0.866081
77.000000 0.750603
77.500000 0.650523
78.000000 0.563786
78.500000 0.488615
79.000000 0.423466
79.500000 0.367004
80.000000 0.318070
80.500000 0.275661
81.000000 0.238906
81.500000 0.207052
82.000000 0.179445
82.500000 0.155519
83.000000 0.134783
83.500000 0.116812
84.000000 0.101237
84.500000 0.087739
85.000000 0.076040
85.500000 0.065902
86.000000 0.057115
86.500000 0.049499
87.000000 0.042899
87.500000 0.037180
88.000000 0.032222
88.500000 0.027926
89.000000 0.024203
89.500000 0.020976
90.000000 0.018179
90.500000 0.015755
91.000000 0.013654
91.500000 0.011834
92.000000 0.010256
92.500000 0.008888
93.000000 0.007703
93.500000 0.006676
94.000000 0.005786
94.500000 0.005015
95.000000 0.004346
95.500000 0.003766
96.000000 0.003264
96.500000 0.002829
97.000000 0.002452
97.500000 0.002125
98.000000 0.001842
98.500000 0.001596
99.000000 0.001383
99.500000 0.001199
100.000000 0.001039
100.500000 0.000900
101.000000 0.000780
101.500000 0.000676
102.000000 0.133919
102.500000 0.249397
103.000000 0.349477
103.500000 0.436214
104.000000 0.511385
104.500000 0.576534
105.000000 0.632996
105.500000 0.681930
106.000000 0.724339
106.500000 0.761094
107.000000 0.792948
107.500000 0.820555
108.000000 0.844481
108.500000 0.865217
109.000000 0.883188
109.500000 0.898763
110.000000 0.912261
110.500000 0.923960
111.000000 0.934098
111.500000 0.942885
112.000000 0.950501
112.500000 0.957101
113.000000 0.962820
113.500000 0.967778
114.000000 0.972074
114.500000 0.975797
115.000000 0.979024
115.500000 0.981821
116.000000 0.984245
116.500000 0.986346
117.000000 0.988166
117.500000 0.989744
118.000000 0.991112
118.500000 0.992297
119.000000 0.993324
119.500000 0.994214
120.000000 0.994985
120.500000 0.995654
121.000000 0.996234
121.500000 0.996736
122.000000 0.997171
122.500000 0.997548
123.000000 0.997875
123.500000 0.998158
124.000000 0.998404
124.500000 0.998617
125.500000 0.998801
126.000000 0.998961
126.500000 0.999100
127.000000 0.999220
127.500000 0.999324
128.000000 0.866081
128.500000 0.750603
129.000000 0.650523
129.500000 0.563786
130.000000 0.488615
130.500000 0.423466
131.000000 0.367004
131.500000 0.318070
132.000000 0.275661
132.500000 0.238906
133.000000 0.207052
133.500000 0.179445
134.000000 0.155519
134.500000 0.134783
135.000000 0.116812
135.500000 0.101237
136.000000 0.087739
136.500000 0.076040
137.000000 0.065902
137.500000 0.057115
138.000000 0.049499
138.500000 0.042899
139.000000 0.037180
139.500000 0.032222
140.000000 0.027926
140.500000 0.024203
141.000000 0.020976
141.500000 0.018179
142.000000 0.015755
142.500000 0.013654
143.000000 0.011834
143.500000 0.010256
144.000000 0.008888
144.500000 0.007703
145.000000 0.006676
145.500000 0.005786
146.000000 0.005015
146.500000 0.004346
147.000000 0.003766
147.500000 0.003264
148.000000 0.002829
148.500000 0.002452
149.000000 0.002125
149.500000 0.001842
150.000000 0.001596
150.500000 0.001383
151.000000 0.001199
151.500000 0.001039
152.000000 0.000900
152.500000 0.000780
153.000000 0.000676
153.500000 0.133919
154.000000 0.249397
154.500000 0.349477
155.000000 0.436214
155.500000 0.511385
156.000000 0.576534
156.500000 0.632996
157.000000 0.681930
157.500000 0.724339
158.000000 0.761094
158.500000 0.792948
159.000000 0.820555
159.500000 0.844481
160.000000 0.865217
160.500000 0.883188
161.000000 0.898763
161.500000 0.912261
162.000000 0.923960
162.500000 0.934098
163.000000 0.942885
163.500000 0.950501
164.000000 0.957101
164.500000 0.962820
165.000000 0.967778
165.500000 0.972074
166.000000 0.975797
166.500000 0.979024
167.000000 0.981821
167.500000 0.984245
168.000000 0.986346
168.500000 0.988166
169.000000 0.989744
169.500000 0.991112
170.000000 0.992297
170.500000 0.993324
171.000000 0.994214
171.500000 0.994985
172.000000 0.995654
172.500000 0.996234
173.000000 0.996736
173.500000 0.997171
174.000000 0.997548
174.500000 0.997875
175.000000 0.998158
175.500000 0.998404
176.000000 0.998617
176.500000 0.998801
177.000000 0.998961
177.500000 0.999100
178.000000 0.999220
178.500000 0.999324
179.000000 0.866081
179.500000 0.750603
180.000000 0.650523
180.500000 0.563786
181.000000 0.488615
181.500000 0.423466
182.000000 0.367004
182.500000 0.318070
183.000000 0.275661
183.500000 0.238906
184.000000 0.207052
184.500000 0.179445
185.000000 0.155519
185.500000 0.134783
186.000000 0.116812
186.500000 0.101237
187.000000 0.087739
187.500000 0.076040
188.000000 0.065902
188.500000 0.057115
189.000000 0.049499
189.500000 0.042899
190.000000 0.037180
190.500000 0.032222
191.000000 0.027926
191.500000 0.024203
192.000000 0.020976
192.500000 0.018179
193.000000 0.015755
193.500000 0.013654
194.000000 0.011834
194.500000 0.010256
195.000000 0.008888
195.500000 0.007703
196.000000 0.006676
196.500000 0.005786
197.000000 0.005015
197.500000 0.004346
198.000000 0.003766
198.500000 0.003264
199.000000 0.002829
199.500000 0.002452
200.000000 0.002125
200.500000 0.001842
201.000000 0.001596
201.500000 0.001383
202.000000 0.001199
202.500000 0.001039
203.000000 0.000900
203.500000 0.000780
204.000000 0.000676
204.500000 0.133919
205.000000 0.249397
205.500000 0.349477
206.000000 0.436214
206.500000 0.511385
207.000000 0.576534
207.500000 0.632996
208.000000 0.681930
208.500000 0.724339
209.000000 0.761094
209.500000 0.792948
210.000000 0.820555
210.500000 0.844481
211.000000 0.865217
211.500000 0.883188
212.000000 0.898763
212.500000 0.912261
213.000000 0.923960
213.500000 0.934098
214.000000 0.942885
214.500000 0.950501
215.000000 0.957101
215.500000 0.962820
216.000000 0.967778
216.500000 0.972074
217.000000 0.975797
217.500000 0.979024
218.000000 0.981821
218.500000 0.984245
219.000000 0.986346
219.500000 0.988166
220.000000 0.989744
220.500000 0.991112
221.000000 0.992297
221.500000 0.993324
222.000000 0.994214
222.500000 0.994985
223.000000 0.995654
223.500000 0.996234
224.000000 0.996736
224.500000 0.997171
225.000000 0.997548
225.500000 0.997875
226.000000 0.998158
226.500000 0.998404
227.000000 0.998617
227.500000 0.998801
228.000000 0.998961
228.500000 0.999100
229.000000 0.999220
229.500000 0.999324
230.000000 0.866081
230.500000 0.750603
231.000000 0.650523
231.500000 0.563786
232.000000 0.488615
232.500000 0.423466
233.000000 0.367004
233.500000 0.318070
234.000000 0.275661
234.500000 0.238906
235.000000 0.207052
235.500000 0.179445
236.000000 0.155519
236.500000 0.134783
237.000000 0.116812
237.500000 0.101237
238.000000 0.087739
238.500000 0.076040
239.000000 0.065902
239.500000 0.057115
240.000000 0.049499
240.500000 0.042899
241.000000 0.037180
241.500000 0.032222
242.000000 0.027926
242.500000 0.024203
243.000000 0.020976
243.500000 0.018179
244.000000 0.015755
244.500000 0.013654
245.000000 0.011834
245.500000 0.010256
246.000000 0.008888
246.500000 0.007703
247.000000 0.006676
247.500000 0.005786
248.000000 0.005015
248.500000 0.004346
249.000000 0.003766
249.500000 0.003264
250.000000 0.002829
